City 0 222 206 0
City 15 167 234 0
City 13 114 133 0
City 3 71 118 0
City 23 27 114 0
City 4 25 153 0
City 12 37 236 0
City 27 70 319 0
City 25 157 329 0
City 26 122 435 0
City 16 43 425 0
City 20 59 462 0
City 18 73 490 0
City 11 153 503 0
City 10 177 462 0
City 7 200 493 0
City 19 280 511 0
City 6 279 382 0
City 5 304 427 0
City 21 345 458 0
City 1 413 406 0
City 17 445 367 0
City 9 478 353 0
City 2 461 325 0
City 29 435 296 0
City 28 388 173 0
City 8 402 136 0
City 24 456 88 0
City 14 447 41 0
City 22 242 133 0